0 122 5 97
a 2 30 Notional,10000
a 1 18 0.01,2
a 3 30 Coupon,0.4625
a 0 4 1,3
c 48 5 0,2021-08-02,cc1,1
a 5 18 0.01,2
a 4 4 5,3
c 49 5 4,2021-09-03,cc1,1
c 47 0 48,49
a 7 18 0.01,2
a 6 4 7,3
c 50 5 6,2021-10-03,cc1,1
c 46 0 47,50
a 9 18 0.01,2
a 8 4 9,3
c 51 5 8,2021-11-04,cc1,1
c 45 0 46,51
a 11 18 0.01,2
a 10 4 11,3
c 52 5 10,2021-12-03,cc1,1
c 44 0 45,52
a 13 18 0.01,2
a 12 4 13,3
c 53 5 12,2022-01-06,cc1,1
c 43 0 44,53
a 15 18 0.01,2
a 14 4 15,3
c 54 5 14,2022-02-03,cc1,1
c 42 0 43,54
a 17 18 0.01,2
a 16 4 17,3
c 55 5 16,2022-03-05,cc1,1
c 41 0 42,55
a 19 18 0.01,2
a 18 4 19,3
c 56 5 18,2022-04-02,cc1,1
c 40 0 41,56
a 21 18 0.01,2
a 20 4 21,3
c 57 5 20,2022-05-07,cc1,1
c 39 0 40,57
a 23 18 0.01,2
a 22 4 23,3
c 58 5 22,2022-06-03,cc1,1
c 38 0 39,58
a 25 18 0.01,2
a 24 4 25,3
c 59 5 24,2022-07-03,cc1,1
c 37 0 38,59
a 27 18 0.01,2
a 26 4 27,3
c 60 5 26,2022-08-04,cc1,1
c 36 0 37,60
a 29 18 0.01,2
a 28 4 29,3
c 61 5 28,2022-09-02,cc1,1
c 35 0 36,61
a 31 18 0.01,2
a 30 4 31,3
c 62 5 30,2022-10-03,cc1,1
c 34 0 35,62
a 33 18 0.01,2
a 32 4 33,3
c 63 5 32,2022-11-03,cc1,1
c 33 0 34,63
a 35 18 0.01,2
a 34 4 35,3
c 64 5 34,2022-12-03,cc1,1
c 32 0 33,64
a 37 18 0.01,2
a 36 4 37,3
c 65 5 36,2023-01-06,cc1,1
c 31 0 32,65
a 39 18 0.01,2
a 38 4 39,3
c 66 5 38,2023-02-02,cc1,1
c 30 0 31,66
a 41 18 0.01,2
a 40 4 41,3
c 67 5 40,2023-03-05,cc1,1
c 29 0 30,67
a 43 18 0.01,2
a 42 4 43,3
c 68 5 42,2023-04-02,cc1,1
c 28 0 29,68
a 45 18 0.01,2
a 44 4 45,3
c 69 5 44,2023-05-06,cc1,1
c 27 0 28,69
a 47 18 0.01,2
a 46 4 47,3
c 70 5 46,2023-06-02,cc1,1
c 26 0 27,70
a 49 18 0.01,2
a 48 4 49,3
c 71 5 48,2023-07-03,cc1,1
c 25 0 26,71
a 51 18 0.01,2
a 50 4 51,3
c 72 5 50,2023-08-03,cc1,1
c 24 0 25,72
a 53 18 0.01,2
a 52 4 53,3
c 73 5 52,2023-09-03,cc1,1
c 23 0 24,73
a 55 18 0.01,2
a 54 4 55,3
c 74 5 54,2023-10-05,cc1,1
c 22 0 23,74
a 57 18 0.01,2
a 56 4 57,3
c 75 5 56,2023-11-02,cc1,1
c 21 0 22,75
a 59 18 0.01,2
a 58 4 59,3
c 76 5 58,2023-12-03,cc1,1
c 20 0 21,76
a 61 18 0.01,2
a 60 4 61,3
c 77 5 60,2024-01-06,cc1,1
c 19 0 20,77
a 63 18 0.01,2
a 62 4 63,3
c 78 5 62,2024-02-02,cc1,1
c 18 0 19,78
a 65 18 0.01,2
a 64 4 65,3
c 79 5 64,2024-03-05,cc1,1
c 17 0 18,79
a 67 18 0.01,2
a 66 4 67,3
c 80 5 66,2024-04-06,cc1,1
c 16 0 17,80
a 69 18 0.01,2
a 68 4 69,3
c 81 5 68,2024-05-04,cc1,1
c 15 0 16,81
a 71 18 0.01,2
a 70 4 71,3
c 82 5 70,2024-06-03,cc1,1
c 14 0 15,82
a 73 18 0.01,2
a 72 4 73,3
c 83 5 72,2024-07-05,cc1,1
c 13 0 14,83
a 75 18 0.01,2
a 74 4 75,3
c 84 5 74,2024-08-02,cc1,1
c 12 0 13,84
a 77 18 0.01,2
a 76 4 77,3
c 85 5 76,2024-09-03,cc1,1
c 11 0 12,85
a 79 18 0.01,2
a 78 4 79,3
c 86 5 78,2024-10-04,cc1,1
c 10 0 11,86
a 81 18 0.01,2
a 80 4 81,3
c 87 5 80,2024-11-02,cc1,1
c 9 0 10,87
a 83 18 0.01,2
a 82 4 83,3
c 88 5 82,2024-12-03,cc1,1
c 8 0 9,88
a 85 18 0.01,2
a 84 4 85,3
c 89 5 84,2025-01-06,cc1,1
c 7 0 8,89
a 87 18 0.01,2
a 86 4 87,3
c 90 5 86,2025-02-02,cc1,1
c 6 0 7,90
a 89 18 0.01,2
a 88 4 89,3
c 91 5 88,2025-03-06,cc1,1
c 5 0 6,91
a 91 18 0.01,2
a 90 4 91,3
c 92 5 90,2025-04-03,cc1,1
c 4 0 5,92
a 93 18 0.01,2
a 92 4 93,3
c 93 5 92,2025-05-04,cc1,1
c 3 0 4,93
a 95 18 0.01,2
a 94 4 95,3
c 94 5 94,2025-06-05,cc1,1
c 2 0 3,94
a 97 18 0.01,2
a 96 4 97,3
c 95 5 96,2025-07-03,cc1,1
c 1 0 2,95
a 99 18 0.01,2
a 108 28 undl1,2025-07-03,
a 105 30 Barrier,65
e 0 4 108,105
a 107 30 Spread,1
a 106 5 105,107
a 104 1 105,106
a 103 4 104,108
a 109 27 0
a 102 29 0,103,109
a 118 5 105,107
e 2 3 108,118
e 3 4 108,105
e 1 7 2,3
a 114 19 100,105
a 113 1 114,107
a 116 5 105,107
a 115 5 108,116
a 112 4 113,115
a 111 0 105,112
a 117 27 0
a 110 29 1,111,117
a 101 0 102,110
e 4 3 108,105
a 120 27 100
a 121 27 0
a 119 29 4,120,121
a 100 0 101,119
a 98 4 99,100
c 96 5 98,2025-07-03,cc1,1
c 0 0 1,96
